 1:   0.0000  1.0000  0.0000  1
 2:   0.0000  1.0000  0.0000  1
 3:   0.3440  0.6560  0.0000  1
 4:   0.0000  1.0000  0.0000  1
 5:   0.0000  1.0000  0.0000  1
 6:   0.0000  1.0000  0.0000  1
 7:   0.0000  1.0000  0.0000  1
 8:   0.0000  1.0000  0.0000  1
 9:   0.6920  0.3050  0.0030  1
10:   0.4930  0.4960  0.0110  1
11:   0.4480  0.5380  0.0140  1
12:   0.1800  0.1810  0.6390  1
13:   0.0020  0.0140  0.9840  1
14:   0.0290  0.8881  0.0829  1
15:   0.0080  0.9510  0.0410  1
16:   0.0040  0.9760  0.0200  1
17:   0.0020  0.9600  0.0380  1
18:   0.8590  0.1390  0.0020  1
19:   0.0090  0.9860  0.0050  1
20:   0.1720  0.8270  0.0010  1
21:   0.0110  0.9021  0.0869  1
22:   0.9870  0.0120  0.0010  1
23:   0.3410  0.6540  0.0050  1
24:   0.0020  0.9150  0.0830  1
25:   0.0230  0.8690  0.1080  1

 1:   0.0000  1.0000  0.0000  1
 2:   0.0000  1.0000  0.0000  1
 3:   0.3360  0.6640  0.0000  1
 4:   0.0000  1.0000  0.0000  1
 5:   0.0000  1.0000  0.0000  1
 6:   0.0000  1.0000  0.0000  1
 7:   0.0000  1.0000  0.0000  1
 8:   0.0000  1.0000  0.0000  1
 9:   0.6790  0.3190  0.0020  1
10:   0.4810  0.5080  0.0110  1
11:   0.4344  0.5495  0.0160  1
12:   0.1782  0.2202  0.6016  1
13:   0.0030  0.0590  0.9380  1
14:   0.0200  0.8990  0.0810  1
15:   0.0070  0.9540  0.0390  1
16:   0.0050  0.9730  0.0220  1
17:   0.0020  0.9660  0.0320  1
18:   0.8428  0.1562  0.0010  1
19:   0.0170  0.9760  0.0070  1
20:   0.1660  0.8320  0.0020  1
21:   0.0130  0.9100  0.0770  1
22:   0.9740  0.0250  0.0010  1
23:   0.3310  0.6620  0.0070  1
24:   0.0020  0.9200  0.0780  1
25:   0.0410  0.8591  0.0999  1

 1:   0.0000  0.9940  0.0060  1
 2:   0.0000  0.9970  0.0030  1
 3:   0.3493  0.6496  0.0010  1
 4:   0.0000  0.9750  0.0250  1
 5:   0.0000  0.9330  0.0670  1
 6:   0.0000  0.9960  0.0040  1
 7:   0.0000  0.9369  0.0631  1
 8:   0.0000  0.9920  0.0080  1
 9:   0.6410  0.1150  0.2440  1
10:   0.4220  0.1790  0.3990  1
11:   0.4730  0.3890  0.1380  1
12:   0.8382  0.0869  0.0749  1
13:   0.9900  0.0050  0.0050  1
14:   0.0450  0.5180  0.4370  1
15:   0.0090  0.6160  0.3750  1
16:   0.0010  0.4750  0.5240  1
17:   0.0000  0.4635  0.5365  1
18:   0.7910  0.0060  0.2030  1
19:   0.0010  0.4775  0.5215  1
20:   0.0020  0.3303  0.6677  1
21:   0.0000  0.1441  0.8559  1
22:   0.9060  0.0040  0.0900  1
23:   0.1270  0.1580  0.7150  1
24:   0.0020  0.5280  0.4700  1
25:   0.0040  0.4470  0.5490  1

 1:   0.0000  1.0000  0.0000  1
 2:   0.0000  1.0000  0.0000  1
 3:   0.3423  0.6577  0.0000  1
 4:   0.0000  1.0000  0.0000  1
 5:   0.0000  1.0000  0.0000  1
 6:   0.0000  1.0000  0.0000  1
 7:   0.0000  1.0000  0.0000  1
 8:   0.0000  1.0000  0.0000  1
 9:   0.6870  0.3110  0.0020  1
10:   0.4930  0.4950  0.0120  1
11:   0.4406  0.5445  0.0150  1
12:   0.1780  0.1880  0.6340  1
13:   0.0020  0.0220  0.9760  1
14:   0.0200  0.8910  0.0890  1
15:   0.0040  0.9490  0.0470  1
16:   0.0030  0.9730  0.0240  1
17:   0.0020  0.9560  0.0420  1
18:   0.8462  0.1499  0.0040  1
19:   0.0130  0.9770  0.0100  1
20:   0.1710  0.8260  0.0030  1
21:   0.0130  0.8970  0.0900  1
22:   0.9860  0.0120  0.0020  1
23:   0.3390  0.6500  0.0110  1
24:   0.0020  0.9100  0.0880  1
25:   0.0390  0.8520  0.1090  1

 1:   0.0000  1.0000  0.0000  1
 2:   0.0000  1.0000  0.0000  1
 3:   0.3470  0.6530  0.0000  1
 4:   0.0000  1.0000  0.0000  1
 5:   0.0000  1.0000  0.0000  1
 6:   0.0000  1.0000  0.0000  1
 7:   0.0000  1.0000  0.0000  1
 8:   0.0000  1.0000  0.0000  1
 9:   0.6993  0.2977  0.0030  1
10:   0.4970  0.4890  0.0140  1
11:   0.4500  0.5370  0.0130  1
12:   0.1820  0.1780  0.6400  1
13:   0.0020  0.0120  0.9860  1
14:   0.0220  0.8910  0.0870  1
15:   0.0030  0.9490  0.0480  1
16:   0.0050  0.9680  0.0270  1
17:   0.0020  0.9570  0.0410  1
18:   0.8700  0.1270  0.0030  1
19:   0.0160  0.9750  0.0090  1
20:   0.1760  0.8210  0.0030  1
21:   0.0160  0.8960  0.0880  1
22:   0.9890  0.0090  0.0020  1
23:   0.3450  0.6450  0.0100  1
24:   0.0020  0.9110  0.0870  1
25:   0.0340  0.8560  0.1100  1

