 1:   0.9900  0.0100  0.0000  0.0000  0.0000  1
 2:   0.9970  0.0030  0.0000  0.0000  0.0000  1
 3:   0.6560  0.0020  0.1960  0.0000  0.1460  1
 4:   0.9520  0.0480  0.0000  0.0000  0.0000  1
 5:   0.9179  0.0821  0.0000  0.0000  0.0000  1
 6:   0.9850  0.0150  0.0000  0.0000  0.0000  1
 7:   0.9349  0.0651  0.0000  0.0000  0.0000  1
 8:   0.9850  0.0150  0.0000  0.0000  0.0000  1
 9:   0.1710  0.2040  0.4600  0.0010  0.1640  1
10:   0.2392  0.3844  0.3744  0.0020  0.0000  1
11:   0.4444  0.1732  0.3714  0.0020  0.0090  1
12:   0.1530  0.0840  0.2520  0.5090  0.0020  1
13:   0.0100  0.0050  0.1792  0.8058  0.0000  1
14:   0.5190  0.3950  0.0570  0.0280  0.0010  1
15:   0.6240  0.3520  0.0090  0.0150  0.0000  1
16:   0.4960  0.5000  0.0010  0.0020  0.0010  1
17:   0.4815  0.5165  0.0000  0.0020  0.0000  1
18:   0.0150  0.0859  0.2877  0.0010  0.6104  1
19:   0.4990  0.5000  0.0000  0.0000  0.0010  1
20:   0.3330  0.6110  0.0010  0.0000  0.0550  1
21:   0.1510  0.8470  0.0000  0.0010  0.0010  1
22:   0.0030  0.0170  0.3453  0.0000  0.6346  1
23:   0.1972  0.6196  0.1822  0.0000  0.0010  1
24:   0.5265  0.4206  0.0000  0.0509  0.0020  1
25:   0.4520  0.4930  0.0000  0.0530  0.0020  1

 1:   0.9860  0.0140  0.0000  0.0000  0.0000  1
 2:   0.9940  0.0060  0.0000  0.0000  0.0000  1
 3:   0.6326  0.0010  0.3664  0.0000  0.0000  1
 4:   0.9460  0.0530  0.0000  0.0000  0.0010  1
 5:   0.9029  0.0961  0.0000  0.0000  0.0010  1
 6:   0.9790  0.0200  0.0000  0.0000  0.0010  1
 7:   0.9160  0.0840  0.0000  0.0000  0.0000  1
 8:   0.9740  0.0240  0.0000  0.0000  0.0020  1
 9:   0.1120  0.1660  0.7190  0.0020  0.0010  1
10:   0.1830  0.3330  0.4720  0.0050  0.0070  1
11:   0.3974  0.1001  0.4925  0.0090  0.0010  1
12:   0.1001  0.0721  0.1972  0.6306  0.0000  1
13:   0.0050  0.0040  0.0040  0.9870  0.0000  1
14:   0.4745  0.3644  0.0030  0.0350  0.1231  1
15:   0.6100  0.3720  0.0030  0.0150  0.0000  1
16:   0.4775  0.5125  0.0010  0.0010  0.0080  1
17:   0.4640  0.5330  0.0000  0.0020  0.0010  1
18:   0.0080  0.1290  0.8490  0.0010  0.0130  1
19:   0.4820  0.5040  0.0010  0.0000  0.0130  1
20:   0.2907  0.5674  0.0090  0.0010  0.1319  1
21:   0.1230  0.8750  0.0000  0.0010  0.0010  1
22:   0.0030  0.0250  0.9600  0.0000  0.0120  1
23:   0.1562  0.6206  0.2212  0.0000  0.0020  1
24:   0.5165  0.4204  0.0000  0.0180  0.0450  1
25:   0.3570  0.3930  0.0000  0.0210  0.2290  1

 1:   0.9810  0.0160  0.0000  0.0000  0.0030  1
 2:   0.9900  0.0100  0.0000  0.0000  0.0000  1
 3:   0.6707  0.0030  0.3243  0.0000  0.0020  1
 4:   0.9439  0.0561  0.0000  0.0000  0.0000  1
 5:   0.9060  0.0920  0.0000  0.0000  0.0020  1
 6:   0.9760  0.0220  0.0000  0.0000  0.0020  1
 7:   0.9170  0.0820  0.0000  0.0000  0.0010  1
 8:   0.9670  0.0310  0.0000  0.0000  0.0020  1
 9:   0.1920  0.1870  0.6170  0.0030  0.0010  1
10:   0.2270  0.3540  0.4070  0.0090  0.0030  1
11:   0.4260  0.1410  0.4180  0.0140  0.0010  1
12:   0.1469  0.0729  0.1958  0.5834  0.0010  1
13:   0.0350  0.0140  0.0270  0.9240  0.0000  1
14:   0.5140  0.3750  0.0090  0.0520  0.0500  1
15:   0.6164  0.3626  0.0020  0.0180  0.0010  1
16:   0.4930  0.4950  0.0000  0.0020  0.0100  1
17:   0.4785  0.5165  0.0010  0.0020  0.0020  1
18:   0.0100  0.1060  0.6040  0.0000  0.2800  1
19:   0.4930  0.4860  0.0010  0.0000  0.0200  1
20:   0.2883  0.5215  0.0010  0.0000  0.1892  1
21:   0.1620  0.8320  0.0000  0.0040  0.0020  1
22:   0.0030  0.0090  0.6750  0.0000  0.3130  1
23:   0.1870  0.5960  0.1930  0.0000  0.0240  1
24:   0.5220  0.3930  0.0000  0.0240  0.0610  1
25:   0.3874  0.3904  0.0000  0.0170  0.2052  1

 1:   0.9870  0.0130  0.0000  0.0000  0.0000  1
 2:   0.9970  0.0030  0.0000  0.0000  0.0000  1
 3:   0.6650  0.0010  0.1850  0.0000  0.1490  1
 4:   0.9560  0.0440  0.0000  0.0000  0.0000  1
 5:   0.9180  0.0820  0.0000  0.0000  0.0000  1
 6:   0.9750  0.0250  0.0000  0.0000  0.0000  1
 7:   0.9299  0.0701  0.0000  0.0000  0.0000  1
 8:   0.9790  0.0210  0.0000  0.0000  0.0000  1
 9:   0.1892  0.2262  0.4314  0.0010  0.1522  1
10:   0.2430  0.4040  0.3510  0.0020  0.0000  1
11:   0.4540  0.1870  0.3500  0.0030  0.0060  1
12:   0.1530  0.0920  0.2410  0.5130  0.0010  1
13:   0.0090  0.0040  0.1790  0.8080  0.0000  1
14:   0.5230  0.3980  0.0510  0.0280  0.0000  1
15:   0.6164  0.3656  0.0040  0.0140  0.0000  1
16:   0.4860  0.5090  0.0010  0.0040  0.0000  1
17:   0.4770  0.5150  0.0000  0.0080  0.0000  1
18:   0.0170  0.1479  0.2727  0.0010  0.5614  1
19:   0.4980  0.5000  0.0010  0.0010  0.0000  1
20:   0.3353  0.6386  0.0010  0.0010  0.0240  1
21:   0.1552  0.8388  0.0000  0.0060  0.0000  1
22:   0.0070  0.0570  0.3270  0.0010  0.6080  1
23:   0.1868  0.6434  0.1678  0.0010  0.0010  1
24:   0.5295  0.4154  0.0000  0.0551  0.0000  1
25:   0.4464  0.4935  0.0010  0.0581  0.0010  1

 1:   0.9870  0.0120  0.0000  0.0000  0.0010  1
 2:   0.9930  0.0070  0.0000  0.0000  0.0000  1
 3:   0.6610  0.0020  0.3370  0.0000  0.0000  1
 4:   0.9530  0.0470  0.0000  0.0000  0.0000  1
 5:   0.9040  0.0960  0.0000  0.0000  0.0000  1
 6:   0.9840  0.0160  0.0000  0.0000  0.0000  1
 7:   0.9230  0.0770  0.0000  0.0000  0.0000  1
 8:   0.9770  0.0230  0.0000  0.0000  0.0000  1
 9:   0.1572  0.1982  0.6396  0.0030  0.0020  1
10:   0.2050  0.3610  0.4220  0.0110  0.0010  1
11:   0.4150  0.1380  0.4340  0.0100  0.0030  1
12:   0.1070  0.0840  0.1850  0.6240  0.0000  1
13:   0.0080  0.0080  0.0060  0.9780  0.0000  1
14:   0.5060  0.4150  0.0090  0.0600  0.0100  1
15:   0.6100  0.3660  0.0020  0.0220  0.0000  1
16:   0.4800  0.5130  0.0010  0.0000  0.0060  1
17:   0.4675  0.5315  0.0000  0.0000  0.0010  1
18:   0.0100  0.1021  0.6617  0.0000  0.2262  1
19:   0.4870  0.5100  0.0010  0.0000  0.0020  1
20:   0.2840  0.5460  0.0010  0.0000  0.1690  1
21:   0.1480  0.8500  0.0000  0.0000  0.0020  1
22:   0.0030  0.0100  0.7430  0.0000  0.2440  1
23:   0.1612  0.6286  0.2072  0.0000  0.0030  1
24:   0.5140  0.4070  0.0010  0.0000  0.0780  1
25:   0.3696  0.4086  0.0010  0.0000  0.2208  1

