 1:   0.0330  0.9670  0.0000  0.0000  1
 2:   0.0150  0.9850  0.0000  0.0000  1
 3:   0.0030  0.6316  0.0000  0.3654  1
 4:   0.0791  0.9209  0.0000  0.0000  1
 5:   0.1250  0.8750  0.0000  0.0000  1
 6:   0.0440  0.9560  0.0000  0.0000  1
 7:   0.0930  0.9070  0.0000  0.0000  1
 8:   0.0450  0.9550  0.0000  0.0000  1
 9:   0.1822  0.1131  0.0030  0.7017  1
10:   0.3520  0.1760  0.0110  0.4610  1
11:   0.1070  0.3900  0.0130  0.4900  1
12:   0.0589  0.1009  0.6354  0.2048  1
13:   0.0030  0.0080  0.9860  0.0030  1
14:   0.4620  0.4730  0.0560  0.0090  1
15:   0.4036  0.5764  0.0170  0.0030  1
16:   0.5660  0.4330  0.0000  0.0010  1
17:   0.5766  0.4234  0.0000  0.0000  1
18:   0.1320  0.0100  0.0020  0.8560  1
19:   0.5630  0.4360  0.0000  0.0010  1
20:   0.7043  0.2847  0.0010  0.0100  1
21:   0.9210  0.0780  0.0010  0.0000  1
22:   0.0150  0.0030  0.0010  0.9810  1
23:   0.6830  0.1170  0.0010  0.1990  1
24:   0.4975  0.4845  0.0180  0.0000  1
25:   0.5460  0.3970  0.0560  0.0010  1

 1:   0.0100  0.9900  0.0000  0.0000  1
 2:   0.0030  0.9970  0.0000  0.0000  1
 3:   0.0010  0.6326  0.0000  0.3664  1
 4:   0.0390  0.9610  0.0000  0.0000  1
 5:   0.0810  0.9190  0.0000  0.0000  1
 6:   0.0140  0.9860  0.0000  0.0000  1
 7:   0.0630  0.9370  0.0000  0.0000  1
 8:   0.0100  0.9900  0.0000  0.0000  1
 9:   0.1718  0.1229  0.0010  0.7043  1
10:   0.3403  0.1882  0.0050  0.4665  1
11:   0.0951  0.4064  0.0080  0.4905  1
12:   0.0470  0.1170  0.6350  0.2010  1
13:   0.0030  0.0060  0.9880  0.0030  1
14:   0.4284  0.5065  0.0611  0.0040  1
15:   0.3690  0.6100  0.0190  0.0020  1
16:   0.5180  0.4810  0.0010  0.0000  1
17:   0.5370  0.4620  0.0010  0.0000  1
18:   0.1250  0.0120  0.0010  0.8620  1
19:   0.5170  0.4820  0.0000  0.0010  1
20:   0.6530  0.3310  0.0000  0.0160  1
21:   0.8580  0.1410  0.0010  0.0000  1
22:   0.0130  0.0030  0.0000  0.9840  1
23:   0.6460  0.1520  0.0000  0.2020  1
24:   0.4540  0.5290  0.0170  0.0000  1
25:   0.5120  0.4350  0.0520  0.0010  1

 1:   0.0070  0.9930  0.0000  0.0000  1
 2:   0.0030  0.9970  0.0000  0.0000  1
 3:   0.0010  0.6340  0.0000  0.3650  1
 4:   0.0290  0.9710  0.0000  0.0000  1
 5:   0.0781  0.9219  0.0000  0.0000  1
 6:   0.0080  0.9920  0.0000  0.0000  1
 7:   0.0630  0.9370  0.0000  0.0000  1
 8:   0.0130  0.9870  0.0000  0.0000  1
 9:   0.1540  0.1320  0.0030  0.7110  1
10:   0.3350  0.1910  0.0060  0.4680  1
11:   0.0830  0.4120  0.0100  0.4950  1
12:   0.0490  0.1210  0.6280  0.2020  1
13:   0.0050  0.0120  0.9790  0.0040  1
14:   0.4150  0.5180  0.0580  0.0090  1
15:   0.3520  0.6270  0.0180  0.0030  1
16:   0.5110  0.4870  0.0010  0.0010  1
17:   0.5320  0.4670  0.0010  0.0000  1
18:   0.1189  0.0120  0.0010  0.8681  1
19:   0.5060  0.4920  0.0010  0.0010  1
20:   0.6460  0.3430  0.0010  0.0100  1
21:   0.8590  0.1390  0.0010  0.0010  1
22:   0.0160  0.0040  0.0010  0.9790  1
23:   0.6370  0.1620  0.0000  0.2010  1
24:   0.4496  0.5285  0.0210  0.0010  1
25:   0.5045  0.4386  0.0559  0.0010  1

 1:   0.0200  0.9800  0.0000  0.0000  1
 2:   0.0070  0.9930  0.0000  0.0000  1
 3:   0.0020  0.6280  0.0000  0.3700  1
 4:   0.0720  0.9280  0.0000  0.0000  1
 5:   0.1100  0.8900  0.0000  0.0000  1
 6:   0.0320  0.9680  0.0000  0.0000  1
 7:   0.0911  0.9089  0.0000  0.0000  1
 8:   0.0290  0.9710  0.0000  0.0000  1
 9:   0.1828  0.1049  0.0030  0.7093  1
10:   0.3556  0.1708  0.0030  0.4705  1
11:   0.1181  0.3844  0.0110  0.4865  1
12:   0.0690  0.0920  0.6370  0.2020  1
13:   0.0030  0.0050  0.9900  0.0020  1
14:   0.4440  0.4860  0.0610  0.0090  1
15:   0.4070  0.5860  0.0050  0.0020  1
16:   0.5560  0.4430  0.0010  0.0000  1
17:   0.5660  0.4330  0.0010  0.0000  1
18:   0.1301  0.0050  0.0020  0.8629  1
19:   0.5485  0.4515  0.0000  0.0000  1
20:   0.6960  0.2990  0.0000  0.0050  1
21:   0.9100  0.0880  0.0010  0.0010  1
22:   0.0170  0.0020  0.0000  0.9810  1
23:   0.6970  0.1010  0.0000  0.2020  1
24:   0.4780  0.5000  0.0220  0.0000  1
25:   0.5420  0.4040  0.0530  0.0010  1

 1:   0.5060  0.4940  0.0000  0.0000  1
 2:   0.4850  0.5150  0.0000  0.0000  1
 3:   0.2860  0.4330  0.0000  0.2810  1
 4:   0.4960  0.5040  0.0000  0.0000  1
 5:   0.4870  0.5130  0.0000  0.0000  1
 6:   0.4700  0.5300  0.0000  0.0000  1
 7:   0.4970  0.5030  0.0000  0.0000  1
 8:   0.4900  0.5100  0.0000  0.0000  1
 9:   0.0370  0.3946  0.0020  0.5664  1
10:   0.1700  0.4200  0.0050  0.4050  1
11:   0.1820  0.4340  0.0050  0.3790  1
12:   0.0230  0.3970  0.4070  0.1730  1
13:   0.0010  0.4116  0.5864  0.0010  1
14:   0.4505  0.4955  0.0330  0.0210  1
15:   0.4680  0.5210  0.0070  0.0040  1
16:   0.5190  0.4790  0.0010  0.0010  1
17:   0.4780  0.5190  0.0020  0.0010  1
18:   0.0030  0.3680  0.0020  0.6270  1
19:   0.5070  0.4920  0.0000  0.0010  1
20:   0.4404  0.4715  0.0000  0.0881  1
21:   0.4845  0.5045  0.0070  0.0040  1
22:   0.0020  0.2913  0.0000  0.7067  1
23:   0.2950  0.4640  0.0010  0.2400  1
24:   0.4770  0.4850  0.0370  0.0010  1
25:   0.5430  0.4200  0.0330  0.0040  1

